8

7 valid
22  31  40  49   2  11  20
21  23  32  41  43   3  12
13  15  24  33  42  44   4
 5  14  16  25  34  36  45
46   6   8  17  26  35  37
38  47   7   9  18  27  29
30  39  48   1  10  19  28

3 invalid
8  9  6
3  5  7
4  1  2

6 invalid
 1   1   1   1   1   1
 1   1   1   1   1   1
 1   1   1   1   1   1
 1   1   1   1   1   1
 1   1   1   1   1   1
 1   1   1   1   1   2

3 valid
 4   9   2
 3   5   7
 8   1   6

2 invalid
 1   3
 4   2

4 valid
13   8  12   1
 2  11   7  14
 3  10   6  15
16   5   9   4

5 valid
17  24   1   8  15
23   5   7  14  16
 4   6  13  20  22
10  12  19  21   3
11  18  25   2   9

1 valid
1
